6in Globe thermometer on tripod_Capitol Mall_on grass_Unshaded					
#	"Date Time, GMT-07:00"	Dry Bulb Temp (Tdb) øC	RH % 	Light Intensity (LI) Lux	Globe Temp (Tg)  øC
1	11:30	33.183	20.157	13091	38.616
2	11:31	35.049	17.769	13248.7	40.978
3	11:32	35.448	18.363	13296	43.525
4	11:33	36.633	19.502	12200.1	45.94
5	11:34	37.645	19.774	12074	47.941
6	11:35	38.254	17.831	11995.1	49.513
7	11:36	38.672	16.407	12231.7	50.473
8	11:37	38.924	16.093	11963.6	50.786
9	11:38	39.205	18.567	11711.3	50.752
10	11:39	39.658	16.202	11545.8	50.926
11	11:40	39.914	17.23	11364.4	51.242
12	11:41	40.085	15.786	11143.7	51.489
13	11:42	40.286	14.921	10986	51.525
14	11:43	40.4	15.364	10899.3	51.596
15	11:44	41.036	16.779	10749.5	51.773
16	11:45	41.736	17.76	10623.4	52.347
17	11:46	41.502	15.416	10473.6	53.038
18	11:47	41.942	15.327	10394.7	53.664
19	11:48	42.386	14.945	10292.2	53.925
20	11:49	41.854	13.527	10142.5	54.112
21	11:50	42.327	14.502	9992.7	54.375
22	11:51	42.983	13.354	9898.1	54.83
23	11:52	42.564	13.263	9803.5	55.213
24	11:53	41.825	13.819	9701	55.213
25	11:54	41.913	14.777	9606.4	54.868
26	11:55	41.707	14.84	9551.2	54.716
27	11:56	41.59	14.835	9464.5	54.602
28	11:57	41.327	15.225	9298.9	54.375
29	11:58	42.356	16.553	9180.6	53.962
30	11:59	42.445	12.963	9180.6	53.739
31	12:00	42.624	13.413	9125.5	53.776
32	12:01	42.356	12.739	9109.7	54.075
33	12:02	42.535	13.924	9101.8	54.489
34	12:03	42.684	14.151	8983.5	54.678
35	12:04	42.179	13.32	8983.5	54.64
36	12:05	42.833	15.552	9023	54.602
37	12:06	42.149	13.319	8983.5	54.678
38	12:07	42.743	14.668	8967.8	54.602
39	12:08	42.803	12.536	8967.8	54.489
40	12:09	42.09	13.316	13461.5	54.489
41	12:10	41.502	13.438	4182.3	54.375
42	12:11	42.475	13.921	11955.7	54.3
43	12:12	42.833	14.598	12034.6	54.64
44	12:13	43.284	13.22	12113.4	55.174
45	12:14	43.677	13.162	12176.5	55.638
46	12:15	43.982	15.533	12263.2	55.988
47	12:16	43.86	12.579	12310.5	56.067
48	12:17	42.983	12.543	12349.9	56.028
49	12:18	43.89	13.097	12428.7	56.145
50	12:19	44.104	12.144	12515.5	56.46
51	12:20	44.442	15.407	12586.4	56.978
52	12:21	44.596	13.645	12641.6	57.299
53	12:22	44.38	12.896	12673.1	57.299
54	12:23	44.472	13.713	12767.7	57.178
55	12:24	43.738	13.165	12807.2	57.218
56	12:25	42.564	14.219	12807.2	56.938
57	12:26	43.982	12.51	12893.9	56.579
58	12:27	44.257	11.78	12949.1	56.54
59	12:28	44.349	12.821	12996.4	56.54
60	12:29	43.133	12.401	13051.6	56.5
61	12:30	42.179	17.274	13106.8	56.303
62	12:31	43.223	13.365	13138.3	56.106
63	12:32	42.923	12.983	13169.8	55.91
64	12:33	41.913	14.19	13240.8	55.754
65	12:34	41.502	14.538	13248.7	55.599
66	12:35	42.803	14.524	13311.7	55.521
67	12:36	42.09	13.904	13327.5	55.483
68	12:37	43.254	12.776	13359	55.406
69	12:38	43.707	14.27	13390.6	55.328
70	12:39	44.012	13.361	13430	55.56
71	12:40	44.043	12.586	13477.3	55.91
72	12:41	44.257	14.073	13500.9	56.303
73	12:42	44.534	12.087	13540.4	56.858
74	12:43	43.951	11.805	13469.4	57.299
75	12:44	44.165	11.85	13437.9	57.218
76	12:45	44.411	11.637	13374.8	57.018
77	12:46	44.165	11.628	13335.4	56.978
78	12:47	42.833	13.826	13264.4	57.058
79	12:48	43.103	16.736	13154.1	57.098
80	12:49	44.319	14.149	13027.9	57.058
81	12:50	44.288	12.374	13138.3	56.738
82	12:51	44.165	14.511	12957	56.028
83	12:52	43.951	12.064	12736.2	55.444
84	12:53	43.073	12.694	12523.4	55.367
85	12:54	42.267	15.013	12137	55.328
86	12:55	43.525	12.121	11719.2	55.328
87	12:56	43.799	13.315	11214.6	55.483
88	12:57	43.921	13.911	10654.9	56.028
89	12:58	43.254	13.955	9929.6	56.619
90	12:59	42.001	13.827	9046.6	56.818
91	13:00	43.314	14.547	8132.1	56.778
92	13:01	42.386	14.652	7162.4	56.818
93	13:02	42.327	13.768	6224.2	56.858
94	13:03	42.327	14.575	5388.5	56.698
95	13:04	43.133	12.771	4726.3	56.46
96	13:05	43.435	12.414	4269.1	56.5
97	13:06	44.104	12.218	3985.2	56.659
98	13:07	43.404	11.747	3851.2	56.778
99	13:08	43.982	11.769	3819.7	56.738
100	13:09	44.165	12.443	3874.9	56.858
101	13:10	44.565	12.533	3985.2	57.138
102	13:11	43.951	11.99	4135	57.38
103	13:12	44.565	13.717	4340	57.461
104	13:13	44.75	12.393	4600.2	57.664
105	13:14	44.75	11.279	4891.9	57.623
106	13:15	44.874	12.694	5230.9	57.623
107	13:16	44.812	15.425	5648.7	57.582
108	13:17	44.843	12.47	6121.7	57.623
109	13:18	44.781	12.653	6650	57.664
110	13:19	44.781	12.097	7241.2	57.827
111	13:20	44.226	13.924	7840.4	57.867
112	13:21	44.135	12.664	8486.9	57.867
113	13:22	44.781	12.097	9109.7	57.867
114	13:23	43.435	13.668	9701	57.745
115	13:24	43.799	13.315	10260.7	57.42
116	13:25	42.803	13.862	10781	57.098
117	13:26	43.768	13.609	11214.6	56.778
118	13:27	44.226	13.666	11616.7	56.659
119	13:28	44.472	11.64	11916.3	56.659
120	13:29	44.503	12.346	12152.8	56.579
121	13:30	44.442	13.342	12271.1	56.342
122	13:31	44.257	12.373	12326.3	56.224
123	13:32	44.165	11.479	12294.7	56.106
124	13:33	43.314	12.926	12089.7	55.949
125	13:34	41.795	13.157	11813.8	55.638
126	13:35	41.913	13.603	11490.6	55.213
127	13:36	42.773	16.501	9992.7	54.945
128	13:37	43.133	13.361	6989	54.754
129	13:38	43.525	12.195	4797.3	54.187
130	13:39	43.314	13.663	3606.8	53.331
131	13:40	42.505	15.463	5057.4	52.347
132	13:41	41.854	16.09	6981.1	51.489
133	13:42	41.007	15.32	5759.1	50.821
134	13:43	41.239	17.117	3449.1	50.404
135	13:44	41.795	16.233	2558.3	49.888
136	13:45	41.942	13.824	2400.6	49.242
137	13:46	41.913	14.19	2211.4	48.504
138	13:47	41.766	13.376	2179.9	47.777
139	13:48	41.619	13.223	2101	47.092
140	13:49	41.21	14.305	2022.2	46.481
141	13:50	41.298	14.968	1974.9	45.94
142	13:51	41.21	17.588	1951.2	45.436
143	13:52	40.949	15.682	1935.5	44.936
144	13:53	40.544	15.517	1927.6	44.38
145	13:54	40.114	15.824	1919.7	43.86
146	13:55	40.314	15.87	1911.8	43.374
147	13:56	40.2	15.792	1911.8	42.983
148	13:57	40.142	15.06	1911.8	42.714
149	13:58	40.057	15.384	1911.8	42.445
150	13:59	40	14.726	1911.8	42.208
151	14:00	39.914	15.705	1903.9	42.031
152	14:01	39.772	15.043	1896	41.854
153	14:02	39.686	14.821	1888.2	41.678
154	14:03	39.658	13.359	1880.3	41.56
155	14:04	39.658	13.542	1880.3	41.443
156	14:05	39.715	14.093	1872.4	41.385
157	14:06	39.573	14.743	1880.3	41.356
158	14:07	39.346	14.805	1888.2	41.298
159	14:08	39.177	14.943	1903.9	41.239
160	14:09	39.205	18.134	1919.7	41.152
161	14:10	39.177	18.277	1935.5	41.094
162	14:11	39.29	16.038	1967	41.094
163	14:12	39.234	17.63	2006.4	41.065
164	14:13	39.036	15.518	2014.3	41.007
165	14:14	39.008	15.371	2069.5	41.007
166	14:15	39.234	16.181	2077.4	41.152
167	14:16	39.431	16.626	2093.1	41.531
168	14:17	39.375	16.405	2116.8	41.913
169	14:18	39.375	17.13	2053.7	42.09
170	14:19	39.46	16.772	2014.3	42.06
171	14:20	39.488	15.612	2030.1	41.942
172	14:21	39.686	14.456	2053.7	41.795
173	14:22	39.772	16.498	2108.9	41.707
174	14:23	39.8	15.481	2195.6	41.648
175	14:24	39.914	17.448	2235	41.795
176	14:25	39.686	16.639	2242.9	42.297
177	14:26	39.829	14.681	2235	43.193
178	14:27	40	15.782	2235	44.411
179	14:28	40.114	14.767	2242.9	45.687
180	14:29	40.257	15.285	2242.9	46.899
181	14:30	40.516	17.479	2235	47.974
182	14:31	40.573	15.883	2235	48.938
183	14:32	40.717	15.233	2219.3	49.751
184	14:33	41.036	13.272	2211.4	50.578
185	14:34	41.152	13.643	2187.7	51.242
186	14:35	41.181	13.131	2179.9	51.631
187	14:36	41.123	13.935	2124.7	51.88
188	14:37	41.268	14.967	2077.4	52.095
189	14:38	41.327	14.091	2030.1	52.131
190	14:39	41.21	14.305	1990.6	51.952
191	14:40	41.123	13.202	2006.4	51.525
192	14:41	40.949	13.415	1935.5	51.172
193	14:42	40.833	13.263	1951.2	50.752
194	14:43	40.717	13.771	2069.5	50.335
195	14:44	40.688	15.232	2172	49.819
196	14:45	40.631	15.229	2227.2	49.343
197	14:46	40.573	13.582	2203.5	49.039
198	14:47	40.602	16.757	2187.7	48.905
199	14:48	40.429	13.868	1896	48.871
200	14:49	40.171	13.893	1998.5	48.67
201	14:50	40.142	13.819	2258.7	48.238
202	14:51	40.142	13.892	2479.4	47.842
203	14:52	40.057	15.494	3007.7	47.613
204	14:53	40.085	16.077	2984	47.417
205	14:54	40	14.47	2487.3	47.092
206	14:55	39.914	15.05	1974.9	46.641
207	14:56	39.8	14.826	1848.7	46.035
208	14:57	39.686	14.456	2384.8	45.342
209	14:58	39.573	15.907	3788.1	44.719
210	14:59	39.488	14.447	3165.3	44.196
211	15:00	39.573	14.415	3055	43.647
212	15:01	39.772	14.241	2503.1	43.163
213	15:02	39.829	14.463	4426.7	42.803
214	15:03	39.857	16.429	4087.7	42.624
215	15:04	40.142	15.571	7059.9	42.594
216	15:05	40.142	15.206	9472.3	42.624
217	15:06	40.171	14.697	10528.8	42.803
218	15:07	40.114	14.256	11490.6	43.314
219	15:08	40.2	13.602	10544.5	44.043
220	15:09	40.171	13.601	9440.8	44.843
221	15:10	40.142	13.965	8447.4	45.373
222	15:11	40.114	14.037	5845.8	45.624
223	15:12	39.914	15.923	5412.2	45.845
224	15:13	39.943	15.197	4600.2	46.003
225	15:14	39.857	14.61	3189	46.162
226	15:15	39.857	13.989	3118	46.194
227	15:16	39.63	16.998	2306	46.003
228	15:17	39.545	15.615	1785.7	45.499
229	15:18	39.545	15.105	1612.2	44.874
230	15:19	39.46	16.337	1541.3	44.196
231	15:20	39.318	15.967	1557	43.525
232	15:21	39.177	17.843	1643.8	42.893
233	15:22	39.093	16.826	1643.8	42.327
234	15:23	39.234	14.29	1683.2	41.854
235	15:24	39.205	14.362	1525.5	41.443
236	15:25	39.177	14.36	1494	41.123
237	15:26	39.149	14.067	1517.6	40.833
238	15:27	39.093	14.284	1509.7	40.573
239	15:28	39.093	14.211	1517.6	40.372
240	15:29	39.346	16.912	1659.5	40.2
241	15:30	39.234	14.472	1580.7	40.085
242	15:31	39.318	16.185	1478.2	40
243	15:32	39.573	14.232	1470.3	39.886
244	15:33	39.431	16.481	1470.3	39.829
245	15:34	39.29	14.73	1478.2	39.772
246	15:35	39.29	16.836	1470.3	39.686
247	15:36	39.205	15.599	1486.1	39.63
248	15:37	39.318	16.62	1494	39.573
249	15:38	39.318	17.417	1494	39.545
250	15:39	39.403	14.662	1478.2	39.516
251	15:40	39.177	14.652	1462.4	39.516
252	15:41	39.065	16.535	1462.4	39.516
253	15:42	38.98	16.06	1462.4	39.488
254	15:43	38.868	15.292	1462.4	39.488
255	15:44	38.756	14.778	1462.4	39.46
256	15:45	38.728	14.849	1470.3	39.46
257	15:46	38.728	14.486	1478.2	39.46
258	15:47	38.7	14.339	1478.2	39.488
259	15:48	38.756	17.893	1486.1	39.488
260	15:49	38.672	16.443	1486.1	39.46
261	15:50	38.616	16.802	1486.1	39.431
262	15:51	38.588	17.524	1494	39.403
263	15:52	38.421	19.352	1501.9	39.346
264	15:53	38.337	17.871	1509.7	39.29
265	15:54	38.756	15.032	1517.6	39.234
266	15:55	38.532	14.549	1509.7	39.234
267	15:56	38.784	15.724	1525.5	39.262
268	15:57	38.952	16.167	1549.2	39.318
269	15:58	39.121	18.129	1572.8	39.403
270	15:59	39.431	14.918	1596.5	39.488
271	16:00	39.46	14.409	1659.5	39.63
					
					
					
					
					
					
					
					
					
					
					
					
					
					
					
					
					
					
					
					
					
					
					
					
					
					
					
					
					
					
					
					
					
					
					
					
					
					
					
					
					
					
					
					
					
					
					
					
					
					
					
					
					
					
					
					
					
					
					
					
					
					
					
					
					
					
					
					
					
					
					
					
					
					
					
					
					
					
					
					
					
					
					
					
					
					
					
					
					
					
					
					
					
					
					
					
					
					
					
					
					
					
					
					
					
					
					
					
					
					
					
					
					
					
					
					
					
					
					
					
					
					
					
					
					
					
					
					
					
					
					
					
					
					
					
					
					
					
					
					
					
					
					
					
					
					
					
					
					
					
					
					
					
					
					
					
					
					
					
					
					
					
					
					
					
					
					
					
					
					
					
					
					
					
					
					
					
					
					
					
					
					
					
					
					
					
					
					
					
					
					
					
					
					
					
					
					
					
					
					
					
					
					
					
					
					
					
					
					
					
					
					
					
					
					
					
					
					
					
					
					
					
					
					
					
					
					
					
					
					
					
					
					
					
					
					
					
					
					
					
					
					
					
					
					
					
					
					
					
					
					
					
					
					
					
					
					
					
					
					
					
					
					
					
					
					
					
					
					
					
					
					
					
					
					
					
					
					
					
					
					
					
					
					
					
					
					
					
					
					
					
					
					
					
					
					
					
					
					
					
					
					
					
					
					
					
					
					
					
					
					
					
					
					
					
					
					
					
					
					
					
					
					
					
					
					
					
					
					
					
					
					
					
					
					
					
					
					
					
					
					
					
					
					
					
					
					
					
					
					
					
					
					
					
					
